302 872 1 1 2
72 514 6.56
72 508 4.14
79 426 6.3
79 328 4.46
79 309 3.56
82 151 8.14
82 355 7.28
82 268 6.62
83 365 8.04
83 243 5.68
83 420 4.66
116 127 3.46
116 509 2.78
116 212 1.82
119 314 11.26
119 323 7.48
119 324 5.48
120 218 14.8
120 395 14.54
120 365 4.42
127 128 5.34
127 368 4.78
127 434 3.4
128 368 2.86
128 473 1.98
128 251 1.96
137 499 2.44
137 359 2.32
137 519 2.28
143 298 10.44
143 406 5.02
143 314 4.14
144 533 40.34
144 278 30.64
144 298 10
146 417 4.78
146 330 3.06
146 249 1.24
147 328 3.5
147 320 2.42
147 417 2.34
150 394 5.48
150 403 5.36
150 428 5.22
151 355 3.76
151 251 2.58
151 375 2.32
152 426 3.36
152 320 2.82
152 376 2.72
153 521 2.98
153 517 2.32
153 465 1.6
160 526 4.94
160 504 4.68
160 318 4.44
161 368 3.6
161 369 3.22
161 336 1.42
164 359 4.54
164 290 4.24
164 305 3.14
167 501 3.64
167 472 2.98
167 521 2.48
168 496 2.92
168 252 2.66
168 293 2.14
173 457 1.92
173 521 1.2
173 469 0.38
174 434 7.2
174 461 4.54
174 504 3.28
195 415 3.6
195 327 3.5
195 355 3.44
212 462 2.76
212 404 2.74
212 225 2.18
216 414 7.3
216 314 6.22
216 430 5.9
217 310 17.7
217 271 16.38
217 314 6.7
218 233 5.78
218 241 5.5
218 239 4.5
223 280 4.4
223 334 4.4
223 285 2.44
224 386 4.38
224 309 4.28
224 306 2.38
225 494 6.76
225 459 3.4
225 405 2.56
228 521 4.12
228 469 3.24
228 367 2.64
229 250 3.98
229 428 3.88
229 336 3.38
232 271 11.32
232 261 9.04
232 390 4.98
233 395 5.5
233 278 3.24
233 406 2.68
236 432 3.18
236 428 3.12
236 326 2.9
237 439 3.16
237 301 2.68
237 438 2.52
238 459 5.64
238 284 5.04
238 358 2.18
239 245 2.92
239 270 1.08
239 366 1.02
241 395 7.18
241 243 3.14
241 324 2.62
242 418 7.5
242 366 6.62
242 271 4.86
243 262 2.54
243 274 2.54
243 416 2.44
244 261 8.36
244 399 3.36
244 258 2.82
245 430 9.56
245 274 7.4
245 261 3.66
247 463 5.62
247 368 5.3
247 383 3.22
248 268 6.74
248 276 6.28
248 249 1.26
249 316 4.26
249 320 3.52
249 257 1.88
250 293 4.12
250 439 3.2
250 301 2.84
251 349 3.22
251 265 2.94
251 347 2.68
252 446 5.04
252 345 4.86
252 294 2.6
257 386 4.66
257 330 3.66
257 329 2.08
258 353 6.78
258 364 5.22
258 384 4.86
259 331 2.94
259 363 2.7
259 315 1.6
260 337 2.42
260 415 2.04
260 264 1.24
261 271 7.48
261 366 7.14
261 390 4.14
262 274 6.9
262 271 6.88
262 366 3.18
263 307 6.14
263 312 4.84
263 361 4
264 296 7.28
264 315 4.48
264 408 3
265 300 5.92
265 361 5.66
265 410 2.72
266 307 10.54
266 428 7.92
266 300 7.68
267 388 5.68
267 529 5.24
267 435 4.58
268 377 5.52
268 303 3.84
268 355 2.62
270 365 7.66
270 324 6.18
270 420 3.48
271 390 6.14
271 416 4.28
271 275 4.22
274 275 6.96
274 390 6.06
274 467 3.84
275 324 9.68
275 366 7.54
275 313 5.46
276 330 4.76
276 320 4.2
276 387 2.24
278 387 22.76
278 355 18.7
278 430 4.36
279 337 5.92
279 308 5.78
279 387 5.62
280 336 4.14
280 335 3.46
280 345 2.36
281 305 4.44
281 477 4.14
281 493 3.26
282 460 16.16
282 539 12.36
282 532 7.78
284 368 2.74
284 482 2.42
284 404 2.36
285 293 3.66
285 475 2.78
285 357 1.84
289 310 16.26
290 305 7.52
290 359 6.48
290 522 5.3
291 412 8.98
291 361 6.74
291 307 2.92
293 428 3.58
293 540 3.44
293 439 2
294 368 4.8
294 445 4.8
294 375 3.12
295 331 3.18
295 307 2.04
295 361 1.96
296 307 4.7
296 308 4.14
296 386 2.82
297 497 3.92
297 461 2.92
297 504 0.76
298 436 12.7
298 392 6.36
298 437 6
300 432 4.52
300 483 3.98
300 393 2.04
301 511 5.08
301 410 3.16
301 433 2.98
302 504 9.7
302 428 6.56
302 410 5.22
303 311 8.42
303 412 7.36
303 336 3.94
304 417 3.58
304 363 3.22
304 534 1.64
305 457 2.96
305 454 2.9
305 521 1.76
306 330 5.2
306 417 4.86
306 351 4.4
307 412 3.32
307 340 2.86
307 308 1.98
308 350 6.3
308 337 6.22
308 408 3.54
309 329 4.16
309 363 4.06
309 426 3.78
310 353 6.44
310 314 5.4
310 395 2.72
311 532 6
311 356 4.32
311 349 3.16
312 410 4.34
312 342 4.1
312 401 1.92
313 430 12.14
313 418 9.98
313 416 9.18
314 406 13.2
314 390 10.6
314 407 7.18
315 427 7.1
315 534 4.54
315 415 2.2
316 387 3.98
316 351 3.96
316 417 2.42
317 403 7.66
317 439 7.14
317 433 1.64
318 440 3.68
318 521 3.22
318 501 3
319 427 6.84
319 387 4.92
319 327 3.14
320 376 6.98
320 417 4.38
320 330 3.42
321 417 16.76
321 387 14.54
321 418 4.92
323 414 7.32
323 431 3.96
323 395 1.78
324 354 8.3
324 364 4.92
324 366 3.44
325 497 4.34
325 428 3.5
325 379 2.9
326 403 5.34
326 393 5.24
326 528 5.18
327 329 7.56
327 363 5.84
327 521 4.32
328 347 5.68
328 358 3.96
328 329 3.1
329 387 3.32
329 417 3.12
329 368 2.86
330 363 9.26
330 417 6.28
330 387 1.58
331 351 8.74
331 401 6.24
331 361 3.64
332 473 13.2
332 400 9.04
332 349 7.2
334 404 2.64
334 379 2.42
334 453 1.06
335 383 4.82
335 369 3.82
335 375 1.46
336 382 6.04
336 383 4.86
336 347 4.26
337 376 2.46
337 351 2.38
337 360 1.34
339 475 14.86
339 507 10.92
339 504 9.4
340 361 4.76
340 502 4.06
340 350 4.02
341 412 11.2
341 350 7.8
341 502 5.4
342 445 11.1
342 433 10.9
342 350 4.68
343 471 27.26
343 418 11.82
343 430 8.1
344 395 24.66
344 437 3.7
345 446 3.22
345 382 2.96
345 433 2.42
346 453 5.34
346 380 4.8
346 404 2.92
347 512 4.44
347 405 3.8
347 368 3.34
348 361 4.96
348 358 3.54
348 368 1.6
349 394 11.12
349 504 10.4
349 531 5.82
350 401 6.36
350 502 6.24
350 531 5.14
351 356 13.48
351 401 13.3
351 417 10.54
352 493 3.16
352 521 3.08
352 450 2.72
353 536 30.6
353 420 5.44
353 365 1.54
354 421 8.94
354 373 6.66
354 364 4.46
355 377 8.62
355 531 6.86
355 417 4.26
356 481 18.76
356 483 17.08
356 531 9.9
357 435 8.54
357 402 6.14
357 382 2
358 404 7.2
358 380 4.92
358 405 1.58
359 536 2.52
359 501 1.88
359 484 1.36
360 426 10
360 417 7.34
360 439 7.04
361 438 8.78
361 403 7.22
361 401 7.1
362 499 5.6
362 485 3.16
362 466 2.7
363 521 14.62
363 417 6.86
363 427 6.28
364 409 99.44
364 505 51.24
364 467 18.96
365 366 12
365 396 3.94
365 399 3.88
366 384 7.76
366 372 6.74
366 416 4.92
367 493 4.16
367 501 4.1
367 457 3.62
368 405 4.74
368 383 4.56
368 380 2.3
369 402 9.38
369 475 9.12
369 521 9
372 525 46.52
372 430 14.72
372 396 9.6
373 431 13.08
373 419 10.34
373 416 9.66
375 497 7.94
375 438 7.02
375 380 6.8
376 534 9.9
376 427 9.48
376 417 4.7
377 417 7.14
377 403 3.84
377 412 3.48
379 474 4.44
379 442 2.7
379 476 1.74
380 382 7.88
380 434 7.76
380 463 6.6
382 432 4.72
382 445 3.7
382 497 2.22
383 475 6.62
383 434 6.16
383 435 5.18
384 387 24.72
384 443 16.84
384 436 9.02
385 519 7.44
385 455 6.24
385 516 3.64
386 481 12.68
386 417 7.44
386 502 6.7
387 433 18.64
387 417 5.04
387 392 4.5
388 404 3.84
388 470 3.78
388 453 2.48
389 539 4.38
390 396 12.88
390 406 7.6
390 430 6.28
392 417 7.84
392 418 5.46
392 416 4.34
393 428 7.04
393 439 5.1
393 410 4.32
394 439 7
394 433 5.6
394 445 1.12
395 406 9.48
395 397 8.92
395 416 8.12
396 539 23.2
396 467 10.54
396 409 5.74
397 432 27.68
397 430 15.5
397 421 4.4
398 414 20.4
398 418 11.54
398 406 3.6
399 414 10.16
400 531 9.58
400 408 9.48
400 410 5.32
401 545 9.4
401 483 8.1
401 438 6.38
402 474 3.92
402 462 3.08
402 486 1.48
403 417 11.34
403 497 10.24
403 531 6.24
404 512 7.72
404 540 7.3
404 482 6.72
405 462 8.28
405 509 5.78
405 463 4.24
406 415 19.32
406 417 15.76
406 407 3.82
407 418 8.44
407 414 3.8
408 545 15.98
408 427 12.1
408 531 6.28
409 497 41.5
409 430 19.7
410 472 14.36
410 460 14.12
410 432 10.2
411 531 11.4
411 511 9.54
411 432 4.56
412 483 15.42
412 430 11.24
412 531 2.68
414 521 44.04
414 522 30.82
414 471 23.5
415 439 6.04
415 534 2.66
415 417 1.24
416 530 47.62
416 418 11.32
416 467 6.62
417 427 10.4
417 534 9.74
417 521 7.94
418 437 22.64
418 430 4.08
419 532 20.56
421 472 40.48
421 523 37.7
421 430 7.66
422 457 5.02
422 479 4.84
422 499 2.06
423 522 11.82
423 456 8.38
423 479 5.4
426 453 22.08
426 459 17.4
426 534 12.28
427 458 27.1
427 482 26.06
427 445 26
428 432 7.96
428 545 7.06
428 504 5
430 497 26.12
430 471 25.22
430 467 17.18
432 504 11.84
432 540 11.1
432 511 6.94
433 472 15.68
433 528 10.5
433 511 3.74
434 512 4.26
434 453 3.2
434 521 0.58
435 466 3.52
435 482 2.04
435 470 1.68
436 472 47.66
437 545 50.86
438 531 8.16
438 536 7.34
438 511 5.68
439 528 9.82
439 461 8.28
439 504 5.02
440 522 3.52
440 477 2.92
440 455 1.56
441 526 6.84
441 522 4.3
441 464 2.5
442 512 4.68
442 474 4.36
442 453 2.18
443 481 15.16
444 494 3.06
444 526 2.9
444 521 1.28
445 483 9.18
445 502 9.12
445 504 4.78
446 462 6.52
446 474 6.1
446 482 4.38
447 520 4.82
447 457 4.6
447 480 4.18
448 529 4.66
448 494 3.48
448 488 2.82
449 479 5.06
449 513 3.26
449 500 2.4
450 523 4.74
450 480 4.3
450 490 4.04
453 512 4.9
453 462 3.9
453 494 2.2
454 501 9.22
454 522 6.82
454 455 5.32
455 490 5.22
455 492 3.86
455 545 3.16
456 457 6.8
456 493 6.66
456 500 5.78
457 500 4.5
457 510 3.06
457 469 2.86
458 512 1.98
458 494 1.42
458 521 0.66
459 470 5.08
459 509 3.72
459 497 3.1
460 497 25.56
460 539 6.38
460 532 3.76
461 475 4.18
461 545 2.6
461 536 2
462 470 4.66
462 489 3.56
462 509 2.16
463 494 2.62
463 482 1.86
463 521 1.3
464 499 9.16
464 521 6.08
464 477 5.44
465 485 4.7
465 493 4.5
465 490 2.4
466 497 3.8
466 496 3.78
466 474 2.54
467 511 32.94
467 497 29.84
468 477 4.58
468 510 4.2
468 500 1.58
469 500 2.5
469 499 1.64
469 521 1.16
470 490 5.64
470 489 5.6
470 482 4.12
471 484 37.8
472 519 2.78
472 476 2.5
472 526 0.9
473 475 11.14
473 502 10.84
473 511 9.8
474 517 4.68
474 523 4.56
474 505 4.5
475 504 4.66
475 521 4.22
475 497 2.68
476 536 4.76
476 518 4.26
476 540 3.14
477 478 6.16
477 493 5.56
477 505 3.96
478 490 6.74
478 529 6.5
478 521 2.2
479 523 6.24
479 488 5.78
479 529 5.72
480 500 5.9
480 508 5.14
480 490 3.04
481 532 3.3
481 539 1.86
482 505 10.34
482 512 7.82
482 496 3.94
483 540 7.04
483 491 5.3
483 497 2.96
484 533 6.1
484 514 5.24
484 492 3.34
485 523 2.98
485 517 2.46
485 519 2.22
486 540 4.26
486 526 2.46
486 498 2.34
487 504 9.58
487 528 9.54
487 536 7.96
488 525 5.78
488 533 4.82
488 515 4.06
489 521 6.96
489 515 6.64
489 494 4.92
490 525 5.4
490 529 5.4
490 505 1.48
491 507 4.44
491 521 3.12
491 497 2.8
492 510 8.44
492 533 5.82
492 505 1.62
493 510 3.56
493 500 3.22
493 521 2.38
494 525 3.3
494 521 3.24
494 512 2.64
495 499 10.48
495 529 6.54
495 513 5.44
496 540 10.44
496 546 9.36
496 521 6
497 526 3.86
497 546 2.34
497 504 1.2
498 523 4.04
498 546 2.98
498 526 2.34
499 520 12.4
499 500 7.98
499 521 6.12
500 510 4.12
500 520 4.04
500 521 2.1
501 516 8.2
501 537 8
501 518 4.08
502 522 30.96
502 504 13.08
502 531 10.5
504 536 7.5
504 545 3.72
504 507 2.36
505 523 6.52
505 521 4.24
505 533 1.76
507 546 7.26
507 528 3.94
507 545 2.68
508 525 4.78
508 521 3.92
508 514 3.5
509 540 11.28
509 519 9.6
509 521 9.54
510 540 4.32
510 522 2.04
510 521 1.3
511 536 12.82
511 546 12.62
511 531 9.68
512 515 6.58
512 523 5.46
512 521 4.38
513 523 10.22
513 515 9.58
513 529 7.62
514 530 31.38
514 540 21.52
514 521 13.44
515 519 14.16
515 521 10.76
515 529 3.48
516 545 13.2
516 536 8.06
516 519 5.34
517 526 8.8
517 546 7.4
517 521 3.32
518 519 10.08
518 536 6.04
518 528 4.98
519 522 6.1
519 529 3.76
519 521 1.98
520 521 6.52
520 522 5.92
520 529 5.58
521 533 8.82
521 546 8.72
521 523 4.46
522 523 13.84
522 529 12.5
522 533 12.12
523 546 10.82
523 526 7.34
523 533 3.98
525 530 13.92
525 546 11.76
525 529 9.28
526 528 10.5
526 536 4.42
526 533 2.86
528 545 8.98
528 546 7.12
528 540 4.26
529 530 12.6
530 540 42.22
530 533 18.76
531 532 19.42
531 546 15.72
532 539 65.92
532 546 26.2
533 546 9.16
534 537 25.94
536 540 5.74
536 545 4.66
536 546 2.24
540 545 4.18
540 546 2.34
545 546 9.32
